CallPathReuse = 107077241.000000
CallPathDenom = 1151425.000000
ReuseDensity = 92.995411
ReuseDensity = 92.995411
ReuseDensity = 93.468444
ReuseDensity = 93.387920
ReuseDensity = 93.387920
ReuseDensity = 93.495621
ReuseDensity = 93.495621
ReuseDensity = 93.495621
ReuseDensity = 93.495621
