function BZ2_bzDecompress Loop while.body.outer
RD = 5.893176
Reuse = 1354900.000000
Denominator = 229910.000000
SubLoopSize = 5
function BZ2_compressBlock Loop if.end1976.i
RD = 38.500862
Reuse = 5579930.000000
Denominator = 144930.000000
SubLoopSize = 51
function BZ2_compressBlock Loop for.body1920.i
RD = 2.251409
Reuse = 1134350.000000
Denominator = 503840.000000
SubLoopSize = 2
